15016771
12111598
15018733
12943802
13754118
14634140
13264652
15197427
14178629
13353061
15018870
11704419
13393795
15199121
12404896
12648547
0246668
13880566
12732811
13698784
13832315
14579828
13768505
11516001
12669353
15308686
14277837
15316826
13653501
13579550
13308027
14417085
11921391
11740408
11482694
14751169
12362610
13359320
15072562
12970992
13618961
13599917
11243691
12188265
11986500
13891742
11097616
12587879
13829870
11690248
14503621
14674309
13469605
14453531
15151178
12525603
15355194
12430017
11259093
13759014
15018182
15098369
14793971
13420488
13232846
13002415
14165728
14168790
11805440
14776510
0322280
12208772
12161500
15142284
15170078
13803240
0027569
13913382
13419445
14717587
12685691
12758489
12902685
13268996
13668340
11992419
0063225
14183379
14416788
12940258
