107792792
108790097
109927364
110315035
110339484
110715570
111456752
111746515
112854612
112910133
112943421
113045384
200520700
200612063
200837795
201505775
201766687
202025146
202025162
202025193
202025195
202025217
202071566
202071589
202082183
202082196
202082214
202082241
202082307
202123154
202135228
202169006
202169157
202192743
202214988
202231386
202231432
202240862
202240941
202240942
202251842
202292857
202292863
202367103
202412082
202412176
202439709
202439735
202485570
202485576
202485593
202485602
202485645
202485685
202485688
202497956
202498014
202567435
202567440
202567476
202614693
202654808
202666900
202776993
202777015
202777047
202810257
202810265
202810286
202810288
202810305
202810317
202822024
202822030
202822034
202822037
202822040
202822045
202822046
202822066
202822069
202822070
202822083
202822088
202822097
202822116
202822129
202825629
202844584
202847528

