13481041
12522759
13770745
294286
15110945
15113571
11326222
13397758
14764284
13330072
15390372
29137
13983439
14165728
11281501
13233268
14524673
14688856
11218178
11795417
12909634
13953903
14442532
12561611
11441372
13568938
15320109
14669000
14933868
274563
13571334
13713120
12161500
13250527
11682260
14906769
13869746
14174601
15098349
11843784
12843972
13394931
14732301
14414240
13157773
15174820
14406049
14416788
13668340
12274016
11958824
11963076
13775274
13443765
11589874
14348270
13551992
13419445
13156176
11525873
11815091
13035283
14069731
15127182
15041308
15148194
278503
13440016
11881211
12814827
182804
12752482
11662858
13842688
12539004
14171724
15395191
11959078
11310236
13911176
15332192
14057252
14642848
11969063
11022090
13000488
12845816
12208772
14776510
1351997
4351843
11275541
15133228
11160152
12430017
11283762
11019571
14453379
15381165
13750248
11915636
15279400
13640683
14998460
12320767
11311397
13892806
12387647
12470707
13674342
11252057
13375969
11578278
63225
13436330
11986500
9241211
13002415
11338695
13469605
14321501
13194631
13935764
246668
14579828
14031464
13037027
11147371
337612
14451295
13642048
15215117
14801763
14680819
13574718
7973911
14657108
12713650
12581287
14022601
15018870
13829870
13114930
337612
12830386
15173648
14874221
11366486
13849021
11573726
14040749
11022090
14338021
13568938
14121784
14435059
11056364
14920973
14226723
11838811
11627894
11697608
11931449
14136043
14744228
14179810
13371304
11378158
15351997
14923398
13353444
14233128
14047689
13375969
11962103
14906769
12264638
15093668
11167949
14570164
13241134
13324631
14406049
14924647
14184328
13773066
13694013
11950012
14461128
11160152
11058676
12216410
12321228
15067183
13319060
11250985
299357
14482497
14963447
11411778
14734029
13750248
14751169
14784279
11905148
14668723
11039640
11247282
13454233
182016
14680819
12292701
11267713
15026093
15182217
12544760
13535771
11963076
14646217
12917217
13233268
14443713
14445216
14562235
11117875
15314058
14626502
12916240
11147371
14621455
15128754
13801644
11308378
14057252
12413923
11441372
14442532
11825837
11525873
14757045
11874251
12483499
13030725
13089003
14048448
14414240
14534402
13444380
11394242
14203649
15149089
14387228
11225068
11958230
14665941
14390318
13850739
12192207
13766452
14442093
14448973
13455404
14411695
15113571
11646474
13891742
12789118
11326222
13397758
12752482
14055720
13194631
12212479
15102945
11603508
12397491
14009
12495597
14412474
14656499
14292034
285036
11815091
14764512
13726563
15215176
15393426
12254481
358951
14862414
12837943
15255867
13770745
13280097
14022601
13174793
11655022
13623127
14158962
12793102
14557519
284687
11735557
12763858
12554693
13803240
14930058
12351498
11104309
11683525
15332192
281783
13668340
278503
13733347
14892907
11969063
12845816
13641448
11019571
14968886
12107958
13924031
12448413
13745140
15261017
12714498
14300585
14348475
14811889
14986554
11368901
345060
13107643
13482045
15352021
11595729
14524673
14008058
14372925
12714706
11287030
13989090
13858021
13574718
13002415
13035283
12646174
12274016
11344495
14716703
14943370
14986389
11874262
11956517
13551992
13064136
12804575
353284
12000783
11900662
15148391
14988088
14172275
12391107
14248261
11975827
14662214
12207766
11405498
12547729
14688856
13956135
12975483
13074251
13129929
13330072
14732301
15110945
15001511
11074488
13810791
13718550
15393491
15307544
11811876
12689297
11218178
13674342
13394931
13098698
14485891
11473753
12470707
13440016
15320109
11881211
13147470
165272
13860940
17537
13392138
12648525
12362722
13664114
11740408
13653501
15098349
14072509
11275541
13806597
11687103
14069731
14940308
14066772
13166241
15390372
13711196
14460416
14644291
13272916
7973911
14977394
11897182
15200437
14122246
11764505
14783119
12204870
322280
11486093
14998460
14646959
13367253
11023464
244661
13986159
14832005
15006316
14324564
14645461
14215146
13616903
13270153
15361511
15167701
11959078
13368267
237458
12304696
13962357
13908199
14761318
15351802
14178629
13154248
12809999
234341
11099736
13754118
14782548
14191508
14764284
11370516
14141754
14348270
14016687
13245377
14235244
14642848
13709936
14000576
8154411
15098368
12987124
13547042
11724445
13000488
13504150
14658376
14581544
15156855
14222509
14472645
13821530
14957635
12430525
12129058
15008828
13574070
14183609
13692314
14990450
14556853
13539650
12167160
12826232
12671700
13953903
13783394
326773
13503550
12939618
14275926
11795417
12057020
338977
13403168
14031464
14371214
13335188
13672266
13986684
9241211
12753842
14048448
15307544
14100222
14902465
12973622
182016
35033
11905148
11946249
284687
12597907
12970992
12705632
13756592
11975827
11721326
14998545
14078823
14251531
15244257
13037437
13607070
15093668
13207768
14277837
14543289
13653501
12145059
14621455
13487928
11563248
14892907
14862414
13962357
14793971
345060
11370516
13641448
12869087
12892781
14534402
14235244
13177983
12167160
11825837
13455404
13503550
14300716
13786132
47857
13419445
12003605
14744228
14963447
12057318
11849476
14127510
12902685
13483415
11992419
12943802
12689297
15393426
12685691
13656456
15018733
14539014
14248261
12413923
12830386
11268563
15386007
12448413
14415806
15098341
13856680
14789728
11252057
11384250
13664114
14442093
12987124
13694013
13335455
13684470
14181377